Knight 200 20 45 23
Mage 150 100 40 11
Dwarf 175 10 42 27
Knight 200 20 45 23
Mage 150 100 40 11
Dwarf 175 10 42 27
Knight 200 20 45 23
Mage 150 100 40 11
Dwarf 175 10 42 27
Knight 200 20 45 23
Mage 150 100 40 11
Dwarf 175 10 42 27
Knight 200 20 45 23
Mage 150 100 40 11
Dwarf 175 10 42 27
Knight 200 20 45 23
Mage 150 100 40 11
Dwarf 175 10 42 27
Knight 200 20 45 23
Mage 150 100 40 11
Dwarf 175 10 42 27
Knight 200 20 45 23
Mage 150 100 40 11
Dwarf 175 10 42 27
Knight 200 20 45 23
Mage 150 100 40 11
Dwarf 175 10 42 27
Knight 200 20 45 23
Mage 150 100 40 11
Dwarf 175 10 42 27
Knight 200 20 45 23
Mage 150 100 40 11
Dwarf 175 10 42 27
Knight 200 20 45 23
Mage 150 100 40 11
Dwarf 175 10 42 27
Knight 200 20 45 23
Mage 150 100 40 11
Dwarf 175 10 42 27
Knight 200 20 45 23
Mage 150 100 40 11
Dwarf 175 10 42 27
Knight 200 20 45 23
Mage 150 100 40 11
Dwarf 175 10 42 27
